#x y z
10 0 300
9.84807753012208 1.7364817766693033 300
9.396926207859085 3.420201433256687 300
8.660254037844387 4.999999999999999 300
7.66044443118978 6.4278760968653925 300
6.427876096865393 7.66044443118978 300
5.000000000000001 8.660254037844386 300
3.4202014332566884 9.396926207859083 300
1.7364817766693041 9.84807753012208 300
6.123233995736766e-16 10 300
-1.736481776669303 9.84807753012208 300
-3.420201433256687 9.396926207859085 300
-4.999999999999998 8.660254037844387 300
-6.427876096865393 7.66044443118978 300
-7.660444431189779 6.427876096865395 300
-8.660254037844387 4.999999999999999 300
-9.396926207859083 3.420201433256689 300
-9.84807753012208 1.7364817766693073 300
-10 1.2246467991473533e-15 300
-9.84807753012208 -1.7364817766693048 300
-9.396926207859085 -3.4202014332566866 300
-8.660254037844386 -5.000000000000001 300
-7.660444431189781 -6.4278760968653925 300
-6.427876096865395 -7.660444431189779 300
-5.000000000000004 -8.660254037844386 300
-3.4202014332566937 -9.396926207859082 300
-1.7364817766693033 -9.84807753012208 300
-1.8369701987210296e-15 -10 300
1.7364817766692997 -9.848077530122081 300
3.4202014332566897 -9.396926207859083 300
5.000000000000001 -8.660254037844386 300
6.4278760968653925 -7.660444431189781 300
7.660444431189778 -6.427876096865396 300
8.660254037844384 -5.000000000000004 300
9.396926207859082 -3.420201433256694 300
9.84807753012208 -1.736481776669304 300

10 0 325
9.84807753012208 1.7364817766693033 325
9.396926207859085 3.420201433256687 325
8.660254037844387 4.999999999999999 325
7.66044443118978 6.4278760968653925 325
6.427876096865393 7.66044443118978 325
5.000000000000001 8.660254037844386 325
3.4202014332566884 9.396926207859083 325
1.7364817766693041 9.84807753012208 325
6.123233995736766e-16 10 325
-1.736481776669303 9.84807753012208 325
-3.420201433256687 9.396926207859085 325
-4.999999999999998 8.660254037844387 325
-6.427876096865393 7.66044443118978 325
-7.660444431189779 6.427876096865395 325
-8.660254037844387 4.999999999999999 325
-9.396926207859083 3.420201433256689 325
-9.84807753012208 1.7364817766693073 325
-10 1.2246467991473533e-15 325
-9.84807753012208 -1.7364817766693048 325
-9.396926207859085 -3.4202014332566866 325
-8.660254037844386 -5.000000000000001 325
-7.660444431189781 -6.4278760968653925 325
-6.427876096865395 -7.660444431189779 325
-5.000000000000004 -8.660254037844386 325
-3.4202014332566937 -9.396926207859082 325
-1.7364817766693033 -9.84807753012208 325
-1.8369701987210296e-15 -10 325
1.7364817766692997 -9.848077530122081 325
3.4202014332566897 -9.396926207859083 325
5.000000000000001 -8.660254037844386 325
6.4278760968653925 -7.660444431189781 325
7.660444431189778 -6.427876096865396 325
8.660254037844384 -5.000000000000004 325
9.396926207859082 -3.420201433256694 325
9.84807753012208 -1.736481776669304 325

10 0 350
9.84807753012208 1.7364817766693033 350
9.396926207859085 3.420201433256687 350
8.660254037844387 4.999999999999999 350
7.66044443118978 6.4278760968653925 350
6.427876096865393 7.66044443118978 350
5.000000000000001 8.660254037844386 350
3.4202014332566884 9.396926207859083 350
1.7364817766693041 9.84807753012208 350
6.123233995736766e-16 10 350
-1.736481776669303 9.84807753012208 350
-3.420201433256687 9.396926207859085 350
-4.999999999999998 8.660254037844387 350
-6.427876096865393 7.66044443118978 350
-7.660444431189779 6.427876096865395 350
-8.660254037844387 4.999999999999999 350
-9.396926207859083 3.420201433256689 350
-9.84807753012208 1.7364817766693073 350
-10 1.2246467991473533e-15 350
-9.84807753012208 -1.7364817766693048 350
-9.396926207859085 -3.4202014332566866 350
-8.660254037844386 -5.000000000000001 350
-7.660444431189781 -6.4278760968653925 350
-6.427876096865395 -7.660444431189779 350
-5.000000000000004 -8.660254037844386 350
-3.4202014332566937 -9.396926207859082 350
-1.7364817766693033 -9.84807753012208 350
-1.8369701987210296e-15 -10 350
1.7364817766692997 -9.848077530122081 350
3.4202014332566897 -9.396926207859083 350
5.000000000000001 -8.660254037844386 350
6.4278760968653925 -7.660444431189781 350
7.660444431189778 -6.427876096865396 350
8.660254037844384 -5.000000000000004 350
9.396926207859082 -3.420201433256694 350
9.84807753012208 -1.736481776669304 350

10 0 375
9.84807753012208 1.7364817766693033 375
9.396926207859085 3.420201433256687 375
8.660254037844387 4.999999999999999 375
7.66044443118978 6.4278760968653925 375
6.427876096865393 7.66044443118978 375
5.000000000000001 8.660254037844386 375
3.4202014332566884 9.396926207859083 375
1.7364817766693041 9.84807753012208 375
6.123233995736766e-16 10 375
-1.736481776669303 9.84807753012208 375
-3.420201433256687 9.396926207859085 375
-4.999999999999998 8.660254037844387 375
-6.427876096865393 7.66044443118978 375
-7.660444431189779 6.427876096865395 375
-8.660254037844387 4.999999999999999 375
-9.396926207859083 3.420201433256689 375
-9.84807753012208 1.7364817766693073 375
-10 1.2246467991473533e-15 375
-9.84807753012208 -1.7364817766693048 375
-9.396926207859085 -3.4202014332566866 375
-8.660254037844386 -5.000000000000001 375
-7.660444431189781 -6.4278760968653925 375
-6.427876096865395 -7.660444431189779 375
-5.000000000000004 -8.660254037844386 375
-3.4202014332566937 -9.396926207859082 375
-1.7364817766693033 -9.84807753012208 375
-1.8369701987210296e-15 -10 375
1.7364817766692997 -9.848077530122081 375
3.4202014332566897 -9.396926207859083 375
5.000000000000001 -8.660254037844386 375
6.4278760968653925 -7.660444431189781 375
7.660444431189778 -6.427876096865396 375
8.660254037844384 -5.000000000000004 375
9.396926207859082 -3.420201433256694 375
9.84807753012208 -1.736481776669304 375

10 0 400
9.84807753012208 1.7364817766693033 400
9.396926207859085 3.420201433256687 400
8.660254037844387 4.999999999999999 400
7.66044443118978 6.4278760968653925 400
6.427876096865393 7.66044443118978 400
5.000000000000001 8.660254037844386 400
3.4202014332566884 9.396926207859083 400
1.7364817766693041 9.84807753012208 400
6.123233995736766e-16 10 400
-1.736481776669303 9.84807753012208 400
-3.420201433256687 9.396926207859085 400
-4.999999999999998 8.660254037844387 400
-6.427876096865393 7.66044443118978 400
-7.660444431189779 6.427876096865395 400
-8.660254037844387 4.999999999999999 400
-9.396926207859083 3.420201433256689 400
-9.84807753012208 1.7364817766693073 400
-10 1.2246467991473533e-15 400
-9.84807753012208 -1.7364817766693048 400
-9.396926207859085 -3.4202014332566866 400
-8.660254037844386 -5.000000000000001 400
-7.660444431189781 -6.4278760968653925 400
-6.427876096865395 -7.660444431189779 400
-5.000000000000004 -8.660254037844386 400
-3.4202014332566937 -9.396926207859082 400
-1.7364817766693033 -9.84807753012208 400
-1.8369701987210296e-15 -10 400
1.7364817766692997 -9.848077530122081 400
3.4202014332566897 -9.396926207859083 400
5.000000000000001 -8.660254037844386 400
6.4278760968653925 -7.660444431189781 400
7.660444431189778 -6.427876096865396 400
8.660254037844384 -5.000000000000004 400
9.396926207859082 -3.420201433256694 400
9.84807753012208 -1.736481776669304 400
